270.167 13.575 -0.2 8.8 0.4 0.4 0 0 1 ACAJ_NDI
270.317 13.836 3.8 8.1 2.4 1.4 0 0 1 AGLA_NDI
270.192 13.909 -0.8 7.2 0.6 0.6 0 0 1 AHUA_NDI
270.95 13.447 0.9 8.4 0.5 0.6 0 0 1 AIES_NDI
272.001 13.405 6.8 7.2 2.5 1.8 0 0 1 AMAT_NDI
296.382 15.667 10.9 13.9 2.4 1.3 0 0 1 AVES_NDI
266.063 16.225 -5.3 0.9 3.0 1.6 0 0 1 AZTE_NDI
300.391 13.088 12.8 15.4 1.5 1.0 0 0 1 BARB_NDI
268.685 15.802 -4.8 1.1 0.5 0.7 0 0 1 BARI_NDI
300.391 13.088 12.6 14.7 0.5 0.4 0 0 1 BDOS_NDI
269.405 14.177 2.9 5.9 4.9 2.6 0 0 1 BEND_NDI
276.228 11.994 12.6 7.3 1.1 0.6 0 0 1 BLUX_NDI
271.493 13.529 -0.1 5.9 0.5 0.5 0 0 1 BT10_NDI
271.323 13.728 10.7 9.5 2.7 2.4 0 0 1 CABA_NDI
270.182 15.605 -5.5 0.9 0.8 0.5 0 0 1 CAH0_NDI
270.941 15.394 -2.7 3.2 1.1 0.7 0 0 1 CAM0*_NDI
269.461 19.845 -8.3 0.1 0.7 0.4 0 0 1 CAMP_NDI
272.311 13.833 9.3 7.0 0.4 0.5 0 0 1 CARI_NDI
270.257 14.463 7.3 6.3 0.6 0.6 0 0 1 CATR_NDI
280.154 15.796 9.8 6.4 1.3 1.0 0 0 1 CAYS_NDI
280.167 19.712 -6.8 3.2 0.4 0.4 0 0 1 CBSB_NDI
271.098 13.939 10.5 7.4 0.4 0.4 0 0 1 CEGD_NDI
272.441 12.976 1.8 11.3 0.7 0.8 0 0 1 CGUI_NDI
271.439 13.622 7.9 6.7 0.4 0.7 0 0 1 CH15_NDI
270.481 14.835 5.8 5.2 1.1 0.7 0 0 1 CHA0_NDI
271.701 18.495 -7.5 0.6 0.5 0.3 0 0 1 CHET_NDI
270.348 14.779 7.0 5.0 0.8 0.5 0 0 1 CHI0_NDI
272.491 14.282 9.8 6.9 0.4 0.4 0 0 1 CHIQ_NDI
269.709 15.812 -5.1 2.3 0.5 0.6 0 0 1 CHIS_NDI
269.618 14.075 0.6 4.7 0.7 0.5 0 0 1 CHL0_NDI
272.863 12.640 2.4 7.9 0.5 1.3 0 0 1 CHNN_NDI
268.085 14.294 3.0 2.8 1.3 1.0 0 0 1 CHPO_NDI
269.248 15.350 -4.4 2.8 1.0 0.9 0 0 1 CHQG_NDI
273.154 12.572 6.2 13.7 1.3 0.9 0 0 1 CLV2_NDI
269.196 14.638 0.5 3.0 0.8 0.4 0 0 1 CML0_NDI
274.285 14.509 12.2 6.5 2.9 1.4 0 0 1 CMP1_NDI
276.056 17.408 -2.2 3.5 0.7 0.7 0 0 1 CN18_NDI
272.573 13.403 9.3 7.4 0.7 0.7 0 0 1 CN21_NDI
272.955 12.384 7.5 15.1 1.1 1.1 0 0 1 CN22_NDI
271.221 17.261 -6.9 0.5 0.6 0.6 0 0 1 CN23_NDI
271.946 19.576 -8.1 0.9 0.6 0.6 0 0 1 CN24_NDI
267.865 16.232 -3.6 3.7 0.7 0.7 0 0 1 CN25_NDI
276.228 11.994 -1.1 8.6 1.3 1.0 0 0 1 CN30_NDI
267.306 16.125 -4.8 2.7 0.8 0.5 0 0 1 CNCC_NDI
271.656 14.027 9.8 7.1 1.2 0.7 0 0 1 CNCH_NDI
273.301 12.501 2.5 13.9 0.6 0.6 0 0 1 CNG2_NDI
270.711 13.670 3.0 10.3 0.7 1.0 0 0 1 CNR1*_NDI
269.596 15.473 -4.5 1.3 3.8 1.9 0 0 1 COA0_NDI
268.115 14.702 -0.4 3.9 0.7 0.8 0 0 1 COAT*_NDI
269.611 15.464 -5.0 1.4 0.4 0.3 0 0 1 COB0_NDI
267.863 16.282 -5.4 2.4 0.3 0.3 0 0 1 COMI_NDI
270.548 14.517 8.8 5.8 0.8 0.4 0 0 1 CON0_NDI
272.8 12.517 2.8 12.2 1.3 1.0 0 0 1 CORI_NDI
276.935 12.177 13.2 5.2 4.6 2.3 0 0 1 CORN_NDI
268.942 14.335 -0.0 6.7 0.5 0.6 0 0 1 COTZ*_NDI
270.76 14.854 7.2 3.9 3.8 2.3 0 0 1 CPJ0_NDI
271.102 13.727 9.9 7.7 2.5 1.3 0 0 1 CRM1_NDI
295.416 17.757 10.8 13.7 0.3 0.4 0 0 1 CRO1_NDI
271.272 13.669 9.1 7.5 2.4 1.3 0 0 1 CRR1_NDI
271.614 13.487 6.5 6.9 2.5 1.3 0 0 1 CSJO_NDI
271.14 14.578 9.3 6.0 1.9 1.1 0 0 1 CUCU_NDI
271.177 13.668 10.0 7.7 0.7 0.6 0 0 1 DERA_NDI
269.428 14.351 -3.4 8.6 4.5 2.5 0 0 1 DOL2_NDI
269.42 14.352 -0.7 4.8 4.7 2.7 0 0 1 DOLO_NDI
271.676 15.332 7.8 8.1 4.6 2.4 0 0 1 ECOP_NDI
272.596 12.805 2.7 9.6 0.9 0.5 0 0 1 ELCO_NDI
270.132 16.916 -6.8 0.9 0.3 0.3 0 0 1 ELEN_NDI
271.537 14.232 9.6 7.0 1.2 0.7 0 0 1 ERAN_NDI
272.886 14.601 10.0 6.3 1.7 0.9 0 0 1 ERAZ_NDI
267.927 15.696 -4.1 3.4 0.9 0.6 0 0 1 ESPI_NDI
266.396 15.935 -5.1 4.9 3.0 1.7 0 0 1 ESPO_NDI
266.521 17.462 -5.9 1.5 1.0 0.6 0 0 1 ESTC_NDI
270.329 15.084 -0.3 2.3 0.7 0.4 0 0 1 FMIN_NDI
271.96 15.780 6.2 3.1 2.5 1.9 0 0 1 FRT1_NDI
298.853 14.735 11.0 14.3 2.4 1.3 0 0 1 FSD0_NDI
278.621 19.293 -7.7 3.3 0.4 0.4 0 0 1 GCGT_NDI
273.93 15.030 10.0 6.5 1.2 0.6 0 0 1 GLCO_NDI
268.919 14.034 1.0 4.9 4.4 2.4 0 0 1 GOME_NDI
271.416 14.588 10.2 6.5 1.2 0.7 0 0 1 GRAC_NDI
267.143 16.419 -5.7 1.8 1.1 0.6 0 0 1 GRUT_NDI
270.531 14.228 8.3 5.7 0.5 0.5 0 0 1 GUAJ_NDI
269.48 14.590 5.5 2.8 0.4 0.3 0 0 1 GUAT_NDI
270.838 13.841 12.8 8.6 3.0 2.8 0 0 1 GUAY_NDI
273.169 12.609 5.0 10.8 0.6 0.8 0 0 1 HERH_NDI
270.385 15.030 0.5 2.1 1.6 0.9 0 0 1 HON0_NDI
270.385 15.032 1.0 1.1 4.4 2.3 0 0 1 HON1_NDI
273.172 12.599 4.9 9.6 0.6 0.7 0 0 1 HOYN_NDI
268.531 15.282 -4.4 2.9 1.6 0.9 0 0 1 HUE0_NDI
268.497 15.318 -2.7 3.9 0.3 0.4 0 0 1 HUEH_NDI
269.472 19.853 -7.9 0.5 0.4 0.4 0 0 1 ICAM_NDI
271.284 13.560 4.5 8.4 2.6 1.3 0 0 1 ICHA_NDI
270.372 14.623 8.3 5.2 1.2 1.0 0 0 1 IPA0_NDI
266.878 16.749 -4.5 1.4 0.7 0.7 0 0 1 ITUX_NDI
269.731 14.183 2.1 5.8 4.6 2.8 0 0 1 IXTA_NDI
271.29 15.099 7.8 5.8 1.1 0.6 0 0 1 JAGU_NDI
269.99 14.624 4.0 5.9 4.7 2.5 0 0 1 JALA_NDI
273.172 12.684 8.2 8.5 0.5 0.5 0 0 1 JCFI_NDI
269.174 15.011 -3.9 1.3 5.5 3.6 0 0 1 JOY0_NDI
271.75 13.253 3.5 9.2 0.4 0.4 0 0 1 JUCU_NDI
272.002 14.944 9.6 5.7 4.1 2.2 0 0 1 LAGO_NDI
271.563 14.730 8.3 5.6 1.2 0.7 0 0 1 LCAN_NDI
273.159 15.748 9.0 6.8 1.1 0.6 0 0 1 LCEB_NDI
273.091 12.427 3.7 12.9 0.8 0.5 0 0 1 LEME_NDI
273.091 12.428 4.8 5.4 4.5 2.4 0 0 1 LEON_NDI
271.84 14.315 8.8 5.8 1.5 0.9 0 0 1 LESP_NDI
272.253 13.596 9.7 6.5 0.5 0.4 0 0 1 LJAS_NDI
270.22 13.902 -0.6 8.4 0.9 0.9 0 0 1 LNUB_NDI
271.632 13.559 10.6 6.8 2.5 1.5 0 0 1 LOLO_NDI
272.081 13.680 8.4 6.9 2.7 1.3 0 0 1 LPIN_NDI
272.309 14.314 9.6 6.9 0.4 0.4 0 0 1 LPZW_NDI
271.802 13.378 2.3 10.9 4.2 2.0 0 0 1 LSSJ_NDI
273.322 12.546 5.9 10.1 1.2 0.7 0 0 1 MALP_NDI
273.751 12.149 6.5 8.8 0.3 0.3 0 0 1 MANA_NDI
270.865 14.841 7.7 6.0 0.5 0.6 0 0 1 MAYA_NDI
268.45 14.537 -0.5 5.0 0.9 0.7 0 0 1 MAZ0_NDI
268.448 14.540 -0.3 3.1 1.0 0.8 0 0 1 MAZ2_NDI
272.069 15.445 7.0 5.6 0.4 0.5 0 0 1 MEZA_NDI
271.85 13.529 7.9 6.1 2.3 1.2 0 0 1 MGL1_NDI
270.803 13.965 9.4 8.6 0.4 0.4 0 0 1 MNGO_NDI
273.62 14.917 10.0 6.1 1.2 0.6 0 0 1 MNTO_NDI
270.766 15.930 -6.7 0.7 1.1 0.6 0 0 1 MOD0_NDI
270.141 14.496 8.4 5.1 1.3 0.8 0 0 1 MON0_NDI
273.075 13.599 9.0 7.2 1.2 0.7 0 0 1 MORO_NDI
269.915 14.033 0.8 4.9 4.6 2.4 0 0 1 MOYU_NDI
267.106 15.459 -3.5 3.4 0.8 0.5 0 0 1 MPSC_NDI
271.15 15.462 -1.6 3.9 0.7 0.6 0 0 1 MRLS_NDI
267.632 14.791 -1.0 5.2 0.5 0.8 0 0 1 MTP1_NDI
272.375 15.557 8.7 6.0 7.4 3.8 0 0 1 NAJO_NDI
269.19 17.227 -7.0 0.9 0.5 0.5 0 0 1 NARA_NDI
272.643 13.678 9.5 6.8 1.2 0.7 0 0 1 NDAM_NDI
270.801 14.438 10.2 9.1 1.1 0.7 0 0 1 NOCO_NDI
271.048 13.574 1.6 7.7 2.4 2.1 0 0 1 NONU_NDI
272.051 14.695 9.8 7.0 0.4 0.4 0 0 1 OCOM_NDI
271.633 13.722 8.6 7.9 2.6 1.4 0 0 1 OPAC_NDI
271.854 13.814 10.2 7.0 0.4 0.4 0 0 1 OSIC_NDI
269.37 15.458 -4.4 2.7 3.4 2.0 0 0 1 PAM0_NDI
272.168 13.592 8.6 6.5 2.5 1.8 0 0 1 PASA_NDI
273.408 12.295 4.3 9.4 1.1 0.7 0 0 1 PAZC_NDI
269.362 14.414 2.6 5.2 0.9 0.7 0 0 1 PCYA_NDI
269.62 14.551 5.8 3.4 0.6 0.5 0 0 1 PIN0_NDI
269.614 14.546 3.4 4.6 4.5 2.4 0 0 1 PIN2_NDI
270.655 13.793 4.5 9.1 4.2 3.5 0 0 1 PLAY_NDI
273.493 11.773 2.7 9.4 1.2 0.9 0 0 1 POCH_NDI
273.187 12.649 7.3 8.9 0.6 0.6 0 0 1 POLS_NDI
272.979 12.383 2.1 10.0 0.4 0.3 0 0 1 PONE_NDI
270.59 16.325 -6.3 1.5 0.5 0.5 0 0 1 POPT_NDI
274.633 12.573 9.2 6.7 0.4 0.5 0 0 1 PRT1_NDI
271.395 13.347 3.4 7.6 2.4 1.5 0 0 1 PRUS_NDI
276.618 14.042 10.8 6.1 2.0 1.1 0 0 1 PUEC_NDI
268.852 15.025 -3.2 -1.2 4.6 2.4 0 0 1 QICH_NDI
268.486 14.871 -2.5 -0.5 1.6 1.3 0 0 1 QUE0_NDI
268.486 14.871 -2.0 1.5 0.3 0.3 0 0 1 QUE1_NDI
273.148 12.592 5.3 12.0 0.7 0.7 0 0 1 QUEN_NDI
272.845 13.332 10.2 6.2 0.4 0.4 0 0 1 RECA_NDI
274.779 12.921 10.9 6.6 4.2 2.1 0 0 1 RIOB_NDI
273.473 16.318 8.7 7.3 0.8 0.8 0 0 1 ROA0_NDI
271.422 13.824 10.7 6.6 2.7 1.3 0 0 1 ROG1_NDI
271.224 14.767 8.8 6.5 1.2 0.7 0 0 1 ROSA_NDI
273.264 12.525 1.7 13.4 0.7 0.7 0 0 1 ROTB_NDI
269.553 15.990 -6.2 1.6 0.7 0.5 0 0 1 RUB0_NDI
268.814 18.967 -7.7 -0.3 0.3 0.3 0 0 1 SABY_NDI
272.185 13.325 8.5 7.2 0.4 0.4 0 0 1 SAIN_NDI
269.719 15.075 -2.2 1.8 0.7 0.5 0 0 1 SAL0_NDI
273.144 12.618 7.6 12.3 0.8 0.6 0 0 1 SALN_NDI
278.284 12.580 12.4 7.0 0.5 0.5 0 0 1 SAN0_NDI
269.751 14.816 4.0 2.6 0.8 0.5 0 0 1 SAN2_NDI
278.271 12.524 12.8 7.6 0.6 0.5 0 0 1 SANA_NDI
269.808 16.520 -8.0 -0.0 0.6 0.5 0 0 1 SAYA*_NDI
271.646 13.634 9.2 7.0 2.5 1.4 0 0 1 SBAR_NDI
271.917 13.638 10.0 6.4 2.8 1.6 0 0 1 SCAR_NDI
272.979 12.697 5.4 9.8 0.8 0.8 0 0 1 SCW2_NDI
267.611 15.281 -2.8 3.6 0.9 0.5 0 0 1 SELC_NDI
273.755 14.966 11.7 6.8 2.5 1.3 0 0 1 SFDP_NDI
272.937 13.100 9.0 6.8 0.4 0.4 0 0 1 SGTO_NDI
270.68 13.495 -1.6 13.4 3.4 2.0 0 0 1 SIGN_NDI
271.789 14.815 9.2 8.7 0.4 0.4 0 0 1 SJAN_NDI
273.411 14.140 9.3 5.4 4.1 2.2 0 0 1 SJUL_NDI
272.564 13.424 10.2 4.4 0.4 0.3 0 0 1 SLOR_NDI
271.046 14.403 10.4 6.2 1.9 1.2 0 0 1 SMCO_NDI
268.192 14.953 -1.3 3.0 0.9 0.9 0 0 1 SMHO_NDI
270.399 13.868 5.7 6.5 0.5 0.5 0 0 1 SNJE_NDI
272.05 14.066 9.6 7.2 0.4 0.4 0 0 1 SNTA_NDI
268.506 15.571 -5.0 2.7 0.8 0.5 0 0 1 SOL0_NDI
267.481 16.675 -5.5 1.9 0.9 0.5 0 0 1 SOLE_NDI
270.948 13.446 0.8 9.5 0.5 0.5 0 0 1 SSAS_NDI
270.883 13.697 8.2 6.9 0.4 0.4 0 0 1 SSIA_NDI
270.61 13.502 -1.9 9.4 0.5 0.6 0 0 1 SUNZ_NDI
271.207 13.639 5.1 8.0 0.8 0.9 0 0 1 SVCI_NDI
271.213 13.630 6.1 9.8 2.6 1.7 0 0 1 SVIC_NDI
270.646 13.970 8.8 6.9 3.1 2.2 0 0 1 TACA_NDI
269.535 14.035 0.8 8.2 0.6 0.8 0 0 1 TAXI_NDI
273.162 12.603 4.1 12.3 0.6 0.6 0 0 1 TECF_NDI
269.008 14.761 -2.1 2.2 0.7 0.7 0 0 1 TECP_NDI
272.794 14.090 9.6 7.1 0.6 0.6 0 0 1 TEG2_NDI
272.794 14.090 8.9 7.0 0.4 0.3 0 0 1 TEGU_NDI
270.895 14.175 7.1 6.8 3.3 2.1 0 0 1 TEJU_NDI
273.165 12.606 5.2 10.3 0.6 0.5 0 0 1 TELN_NDI
274.186 12.410 9.2 3.7 1.8 1.0 0 0 1 TEUS_NDI
266.878 16.778 -6.2 1.1 1.2 1.1 0 0 1 TGIG_NDI
267.704 14.882 -0.0 6.5 1.1 1.0 0 0 1 THIG_NDI
270.388 17.225 -6.0 2.2 0.8 0.8 0 0 1 TIKA_NDI
270.125 15.318 -3.9 0.0 0.9 1.8 0 0 1 TINT_NDI
266.781 15.705 -4.2 1.5 1.0 1.2 0 0 1 TNPJ_NDI
273.159 13.926 9.4 6.4 1.2 0.8 0 0 1 TONU_NDI
268.665 15.025 -4.0 2.1 4.6 2.4 0 0 1 TOTO_NDI
267.704 14.883 -1.1 5.8 0.7 0.7 0 0 1 TPCH_NDI
273.311 12.025 2.8 9.3 1.0 0.7 0 0 1 TRAN_NDI
269.13 15.348 -6.0 -2.3 3.6 1.9 0 0 1 USP0_NDI
271.516 13.380 2.4 5.7 2.5 1.4 0 0 1 USUL_NDI
268.815 14.789 -5.4 1.0 4.7 2.5 0 0 1 UVGS_NDI
271.012 13.515 4.4 7.2 1.3 1.0 0 0 1 VIEJ_NDI
295.202 17.716 11.1 13.4 0.3 0.4 0 0 1 VIKH_NDI
267.087 17.996 -7.7 0.6 0.5 0.4 0 0 1 VILL_NDI
271.695 13.396 4.9 8.2 0.9 0.7 0 0 1 VMIG_NDI
270.499 14.981 4.9 4.7 0.9 0.6 0 0 1 ZAC0_NDI
270.644 15.113 4.7 5.0 0.7 0.7 0 0 1 ZACA_NDI
270.173 14.139 3.6 8.3 4.6 2.5 0 0 1 ZAPO_NDI
