298.512 16.474300 11.21 15.70 0.16 0.13 -0.0110 0 1 ABD0_ECa
298.472 16.262310 11.30 15.19 0.13 0.15 -0.0070 0 1 ABMF_ECa
298.472 16.262310 11.30 15.19 0.14 0.15 -0.0060 0 1 ABMF_ECa
285.692 18.649770 1.39 6.77 0.43 0.35 -0.0610 0 1 ABRI_ECa
295.668 18.729690 8.67 15.00 0.16 0.18 -0.0030 0 1 ABVI_ECa
298.913 16.296870 10.79 15.55 0.16 0.23 -0.0070 0 1 ADE0_ECa
297.786 16.740830 10.39 15.78 0.43 0.47 0.0000 0 1 AIRS_ECa
298.88 14.812320 12.81 15.10 0.22 0.20 -0.0070 0 1 AJB0_ECa
298.485 10.663500 13.00 12.88 0.13 0.21 -0.0030 0 1 ALBI_ECa
288.326 17.904820 9.21 9.79 0.22 0.18 -0.0030 0 1 ALC2_ECa
287.082 11.527990 10.26 14.61 0.16 0.19 -0.0020 0 1 ALPA_ECa
298.334 16.047590 11.07 16.16 0.20 0.23 -0.0060 0 1 AMC0_ECa
285.78 18.304760 5.70 8.29 0.42 0.38 0.0380 0 1 ANGL_ECa
285.78 18.304760 5.70 8.29 0.42 0.38 0.0380 0 1 ANGX_ECa
288.238 18.038130 7.08 9.27 0.49 0.41 -0.0510 0 1 ANP0_ECa
288.238 18.038160 7.08 9.27 0.49 0.41 -0.0510 0 1 ANPI_ECa
285.548 18.485140 4.62 6.49 0.49 0.45 0.0110 0 1 ANSH_ECa
298.206 17.062380 11.53 16.09 0.39 0.18 -0.0010 0 1 ANTG_ECa
286.655 18.503950 6.91 6.53 0.39 0.32 -0.0750 0 1 ANVO_ECa
293.246 18.346530 8.63 13.95 0.24 0.25 -0.0040 0 1 AOPR_ECa
286.602 18.281160 7.91 10.57 0.32 0.26 -0.0330 0 1 AQIN_ECa
287.483 18.774110 4.05 6.32 0.27 0.23 -0.0850 0 1 ARCA_ECa
290.552 19.201530 -1.51 10.84 0.66 0.54 0.0840 0 1 ARRO_ECa
290.021 18.506980 6.83 8.50 0.43 0.41 -0.0230 0 1 ATT1_ECa
290.021 18.506930 6.83 8.50 0.43 0.41 -0.0230 0 1 ATT3_ECa
296.382 15.666970 10.85 14.57 0.38 0.27 -0.0200 0 1 AVES_ECa
287.933 18.236070 7.57 10.27 0.31 0.25 -0.0550 0 1 BANS_ECa
288.902 18.208700 8.45 9.57 0.09 0.22 -0.0030 0 1 BARA_ECa
288.876 18.250590 6.82 8.64 0.23 0.18 0.0120 0 1 BARX_ECa
287.617 19.766820 -0.48 6.23 0.22 0.18 -0.0160 0 1 BASL_ECa
297.374 17.132380 10.69 15.12 0.16 0.12 -0.0040 0 1 BATH_ECa
290.362 18.756640 4.40 8.62 0.22 0.18 -0.0470 0 1 BAYA_ECa
287.201 19.781750 -1.71 4.78 0.71 0.57 0.0200 0 1 BBLE_ECa
300.391 13.087960 12.96 14.74 0.74 0.19 -0.0010 0 1 BDOS_ECa
288.237 18.867760 3.90 7.75 0.53 0.46 -0.0760 0 1 BELA_ECa
298.139 17.045120 10.92 16.12 0.14 0.14 -0.0030 0 1 BGGY_ECa
286.788 19.664850 1.92 6.10 0.29 0.24 -0.0180 0 1 BHEN_ECa
298.933 14.518200 13.14 16.10 0.18 0.19 -0.0090 0 1 BIM0_ECa
287.821 19.697210 -1.90 4.35 0.36 0.29 -0.0040 0 1 BMEC_ECa
291.382 18.364420 6.56 9.68 0.24 0.19 -0.0540 0 1 BOCA_ECa
285.919 4.640070 -0.21 15.23 0.61 0.41 -0.0010 0 1 BOGT_ECa
285.919 4.640080 -0.20 15.23 0.61 0.41 -0.0010 0 1 BOGT_ECa
286.658 19.691710 1.45 5.40 0.54 0.44 -0.0810 0 1 BOMB_ECa
285.757 18.665410 5.19 8.56 0.56 0.46 0.0020 0 1 BONB_ECa
287.477 19.844860 -1.12 3.64 0.29 0.25 0.0050 0 1 BORG_ECa
298.23 16.132430 11.44 14.38 0.05 0.04 -0.0260 0 1 BOUL_ECa
287.733 18.630930 4.63 7.63 0.41 0.33 -0.0330 0 1 BRPS_ECa
289.434 19.299740 -0.01 7.01 0.28 0.22 -0.0060 0 1 BURD_ECa
283.365 20.365010 -6.76 5.04 0.36 0.40 -0.0070 0 1 BYMO_ECa
293.839 18.407840 9.03 14.00 0.10 0.08 -0.0050 0 1 BYSP_ECa
287.582 18.733530 3.13 5.31 0.16 0.13 -0.0320 0 1 CAB2_ECa
287.603 18.230210 6.76 8.66 0.49 0.42 0.1310 0 1 CAJA_ECa
299.269 11.195660 15.11 14.85 0.17 0.18 -0.0030 0 1 CALD_ECa
269.46 19.844430 -8.25 -0.39 0.32 0.26 0.0070 0 1 CAM2_ECa
287.573 19.629890 -0.09 6.60 0.64 0.53 -0.0250 0 1 CAMC_ECa
289.364 19.512230 -3.22 7.90 0.46 0.37 0.0120 0 1 CAMP_ECa
288.329 19.420030 -0.52 5.21 0.28 0.24 0.0040 0 1 CAP2_ECa
287.572 5.351420 -2.65 11.63 0.84 0.77 -0.0020 0 1 CAPI_ECa
288.329 19.419640 -0.52 5.21 0.28 0.24 0.0040 0 1 CAPO_ECa
288.329 19.419910 -0.52 5.21 0.28 0.24 0.0040 0 1 CAPT_ECa
278.791 23.029320 -9.65 2.52 0.28 0.36 -0.0030 0 1 CARD_ECa
289.972 19.210560 0.55 7.20 0.27 0.22 -0.0230 0 1 CASX_ECa
286.346 18.302890 7.59 9.85 0.33 0.27 -0.0310 0 1 CAVA_ECa
286.244 18.194970 11.06 10.05 1.16 0.98 0.0010 0 1 CAY1_ECa
286.207 18.270150 6.68 9.13 0.68 0.53 -0.0350 0 1 CAYE_ECa
287.272 20.010890 -2.49 4.88 0.41 0.33 -0.0550 0 1 CAYO_ECa
298.389 16.066960 11.30 15.26 0.18 0.14 -0.0020 0 1 CBE0_ECa
280.242 19.737980 -8.66 3.23 2.90 0.67 -0.0000 0 1 CBMD_ECa
280.167 19.712010 -6.64 3.51 0.18 0.19 0.0030 0 1 CBSB_ECa
271.701 18.495280 -7.64 1.00 0.27 0.16 0.0000 0 1 CHET_ECa
269.709 15.812250 -5.47 -1.26 0.55 0.38 -0.0000 0 1 CHIS_ECa
298.214 17.668530 9.67 16.23 0.36 0.21 -0.0040 0 1 CN00_ECa
298.235 17.048420 11.08 16.49 0.21 0.24 -0.0030 0 1 CN01_ECa
296.946 18.203920 9.22 16.04 0.26 0.33 -0.0090 0 1 CN02_ECa
295.597 18.490460 8.84 15.41 0.19 0.20 -0.0000 0 1 CN03_ECa
299.026 14.023550 12.79 15.94 0.20 0.18 -0.0020 0 1 CN04_ECa
291.641 18.563900 6.31 11.08 0.13 0.11 -0.0040 0 1 CN05_ECa
289.344 18.789830 4.52 7.45 0.24 0.14 -0.0040 0 1 CN06_ECa
289.434 19.757630 -5.03 9.72 0.20 0.25 -0.0020 0 1 CN07_ECa
289.434 19.757630 -5.54 9.44 0.88 0.87 -0.0230 0 1 CN07_ECa
288.326 17.903370 9.21 9.79 0.22 0.18 -0.0030 0 1 CN08_ECa
287.86 19.687750 -0.99 5.55 0.25 0.22 -0.0020 0 1 CN09_ECa
284.029 17.415190 9.02 8.58 0.25 0.16 -0.0020 0 1 CN10_ECa
282.216 17.021180 9.68 7.96 0.24 0.15 -0.0020 0 1 CN11_ECa
283.251 18.004480 7.01 7.35 0.36 0.31 -0.0010 0 1 CN12_ECa
285.466 24.065190 -10.19 5.38 0.13 0.13 -0.0030 0 1 CN13_ECa
286.322 20.975330 -7.90 6.30 0.12 0.13 -0.0050 0 1 CN14_ECa
282.15 21.422300 -8.53 4.43 0.15 0.13 -0.0020 0 1 CN16_ECa
276.056 17.407670 -1.08 4.38 0.45 0.28 0.0010 0 1 CN18_ECa
289.952 12.611850 12.76 13.06 0.12 0.11 -0.0040 0 1 CN19_ECa
271.221 17.260610 -7.13 0.82 0.45 0.22 -0.0020 0 1 CN23_ECa
271.946 19.575560 -8.13 1.93 0.22 0.33 -0.0010 0 1 CN24_ECa
267.865 16.232040 -4.68 2.00 0.21 0.49 -0.0000 0 1 CN25_ECa
270.318 22.383000 -9.10 2.94 0.78 0.81 -0.0030 0 1 CN26_ECa
290.06 19.667120 -5.56 7.79 0.11 0.12 0.0020 0 1 CN27_ECa
276.625 14.048800 12.08 8.46 0.27 0.25 -0.0030 0 1 CN29_ECa
278.637 13.375500 10.04 8.06 0.61 0.54 0.0000 0 1 CN35_ECa
284.737 10.792580 9.91 12.83 0.34 0.54 -0.0010 0 1 CN37_ECa
288.012 12.221820 11.29 13.44 0.33 0.42 -0.0010 0 1 CN38_ECa
289.476 10.206480 8.15 12.57 0.65 0.43 -0.0000 0 1 CN39_ECa
291.042 12.180040 12.60 12.95 0.13 0.14 0.0000 0 1 CN40_ECa
291.959 8.943460 -4.36 11.79 0.16 0.19 0.0020 0 1 CN41_ECa
293.318 11.952650 11.61 13.10 0.99 1.01 0.0090 0 1 CN42_ECa
295.402 11.818770 15.85 15.11 1.80 1.44 0.0090 0 1 CN43_ECa
296.09 11.000460 19.96 13.65 2.34 1.85 -0.0030 0 1 CN44_ECa
299.062 10.837070 12.50 13.89 0.23 0.58 -0.0020 0 1 CN45_ECa
298.573 12.486840 12.45 14.36 0.65 0.50 0.0030 0 1 CN46_ECa
299.06 13.710790 12.65 15.73 0.47 0.34 -0.0010 0 1 CN47_ECa
298.578 15.438810 10.62 15.53 0.36 0.19 -0.0030 0 1 CN48_ECa
296.382 15.667190 10.85 14.57 0.38 0.27 -0.0200 0 1 CN49_ECa
296.574 18.586570 10.15 16.97 0.62 0.47 -0.0020 0 1 CN51_ECa
287.746 21.782650 -8.43 6.65 0.30 0.22 -0.0030 0 1 CN53_ECa
273.179 21.174650 -8.97 1.27 0.12 0.15 -0.0030 0 1 CNC0_ECa
288.548 18.367320 6.89 7.99 0.20 0.16 -0.0140 0 1 COLO_ECa
289.233 18.921100 3.06 6.96 0.35 0.28 0.0060 0 1 CON2_ECa
289.233 18.921100 3.06 6.96 0.35 0.28 0.0060 0 1 CONS_ECa
286.106 18.567060 3.74 9.33 0.47 0.36 -0.0380 0 1 CORA_ECa
284.712 9.328090 11.43 12.09 0.22 0.20 -0.0020 0 1 CORO_ECa
285.959 18.204760 6.40 10.98 0.74 0.67 0.0130 0 1 COTO_ECa
298.392 16.026660 10.73 14.91 0.38 0.30 -0.0720 0 1 CRB0_ECa
291.38 18.691910 5.35 10.15 0.26 0.27 -0.0040 0 1 CRIL_ECa
288.35 19.844650 -4.49 7.73 0.30 0.24 -0.0260 0 1 CRIS_ECa
291.063 18.416690 4.97 9.98 0.23 0.29 -0.0010 0 1 CRLR_ECa
295.416 17.756900 10.49 13.25 0.24 0.13 -0.0040 0 1 CRO1_ECa
290.956 18.768080 4.29 9.01 0.18 0.13 -0.0050 0 1 CRSE_ECa
287.487 7.932280 2.98 13.53 0.32 0.30 -0.0010 0 1 CUC1_ECa
294.717 18.307440 9.25 14.45 0.10 0.11 -0.0030 0 1 CUPR_ECa
285.577 18.561540 4.53 6.66 0.47 0.41 0.0190 0 1 DAMA_ECa
298.337 16.203150 10.76 17.21 0.15 0.12 -0.0960 0 1 DDU0_ECa
298.204 16.305290 12.78 15.83 0.42 0.35 -0.0270 0 1 DEHA_ECa
287.704 18.562390 4.55 5.43 0.18 0.15 0.0120 0 1 DELM_ECa
287.704 18.562400 4.55 5.43 0.18 0.15 0.0120 0 1 DELM_ECa
298.926 16.303830 11.01 16.38 0.12 0.13 -0.0040 0 1 DESI_ECa
287.485 19.263640 1.04 5.12 0.32 0.26 0.0160 0 1 DESS_ECa
287.366 18.456410 7.38 6.48 0.20 0.17 -0.0260 0 1 DFRT_ECa
298.235 16.288680 11.71 14.45 1.23 0.47 -0.0010 0 1 DHS0_ECa
288.3 19.551390 0.47 5.10 0.58 0.47 0.0100 0 1 DJBN_ECa
298.611 15.306220 12.89 15.60 0.12 0.13 -0.0080 0 1 DOMI_ECa
298.578 15.627360 14.25 16.38 0.33 0.39 -0.0010 0 1 DOMP_ECa
298.541 15.557460 12.73 15.53 0.25 0.19 -0.0090 0 1 DOMR_ECa
287.757 19.526230 2.00 5.84 0.44 0.39 -0.0850 0 1 DOND_ECa
290.553 19.197960 -1.51 10.84 0.66 0.54 0.0840 0 1 DOPP_ECa
288.909 19.558450 -1.74 7.56 0.60 0.48 -0.0060 0 1 DRMO_ECa
290.046 18.501370 5.98 8.64 0.91 0.64 -0.0030 0 1 DRSD_ECa
298.934 16.312290 11.19 16.44 0.19 0.16 -0.0030 0 1 DSD0_ECa
288.471 18.380030 7.43 8.42 0.41 0.32 0.0110 0 1 DVRG_ECa
270.132 16.916060 -6.63 0.34 0.22 0.24 -0.0010 0 1 ELEN_ECa
293.471 18.477050 8.32 13.65 0.21 0.24 -0.0320 0 1 EMPR_ECa
287.515 19.483990 1.11 4.42 0.44 0.36 -0.0920 0 1 ENRY_ECa
288.428 18.324280 7.03 8.57 0.19 0.15 -0.0130 0 1 ESCX_ECa
284.127 23.564050 -9.20 5.24 0.12 0.13 -0.0020 0 1 EXU0_ECa
298.337 16.041250 11.25 18.23 0.25 0.16 -0.0030 0 1 F8O2_ECa
298.488 16.217460 12.14 16.65 0.25 0.28 -0.0130 0 1 FFE0_ECa
298.937 14.601470 12.68 16.03 0.22 0.28 -0.0090 0 1 FFT2_ECa
298.937 14.601470 12.68 16.03 0.22 0.28 -0.0090 0 1 FFTG_ECa
298.418 15.875330 11.44 15.62 0.58 0.51 -0.0090 0 1 FNA0_ECa
298.31 16.058400 10.56 15.52 0.20 0.26 0.0030 0 1 FNG0_ECa
286.766 18.360250 5.30 7.62 0.74 0.58 -0.0960 0 1 FOND_ECa
288.032 18.502520 6.13 8.00 0.28 0.23 -0.0150 0 1 FOPA_ECa
290.062 19.666200 -5.56 7.79 0.11 0.12 0.0020 0 1 FRAN_ECa
298.317 10.170680 -0.63 10.58 0.19 0.32 -0.0020 0 1 FRTN_ECa
298.853 14.734830 12.24 15.60 0.10 0.10 -0.0470 0 1 FSD0_ECa
298.853 14.734840 12.24 15.60 0.10 0.10 -0.0470 0 1 FSD1_ECa
298.853 14.734840 12.24 15.60 0.10 0.10 -0.0470 0 1 FSDC_ECa
287.704 18.424250 6.91 8.28 0.38 0.31 -0.0090 0 1 FUCY_ECa
299.005 10.146830 0.35 7.40 0.18 0.30 -0.0020 0 1 GALE_ECa
287.939 18.532070 5.32 7.94 0.21 0.17 -0.0050 0 1 GANT_ECa
284.5 19.884620 -0.21 8.76 1.37 1.21 -0.0280 0 1 GAQU_ECa
285.553 20.298100 -4.32 3.47 1.69 1.48 -0.0280 0 1 GBAR_ECa
278.622 19.293020 -7.88 2.81 0.19 0.18 -0.0010 0 1 GCEA_ECa
278.817 19.312860 -9.81 3.17 3.98 1.15 -0.0000 0 1 GCFS_ECa
278.62 19.292950 -7.88 2.81 0.19 0.18 -0.0010 0 1 GCGT_ECa
283.585 19.976440 -8.58 5.82 2.77 2.29 0.0010 0 1 GCHI_ECa
282.278 19.840570 -5.88 4.46 1.82 1.62 -0.0320 0 1 GCRZ_ECa
282.996 20.064390 0.45 2.42 3.56 2.58 -0.1430 0 1 GLMS_ECa
285.854 20.242000 -3.44 5.45 2.30 1.92 -0.0040 0 1 GMAI_ECa
284.094 20.005290 -2.57 5.20 2.08 1.86 -0.0390 0 1 GMAR_ECa
284.088 20.368560 -7.66 6.66 1.71 1.49 -0.0270 0 1 GMEL_ECa
287.311 19.447250 2.04 4.38 0.30 0.25 -0.0290 0 1 GON2_ECa
287.31 19.445900 2.04 4.38 0.30 0.25 -0.0290 0 1 GONA_ECa
298.519 16.206260 11.48 15.93 0.13 0.12 -0.0050 0 1 GOSI_ECa
288.082 18.188510 8.88 9.00 0.29 0.24 -0.0490 0 1 GOSX_ECa
282.591 19.913930 -2.37 1.76 1.96 1.72 -0.0280 0 1 GPIL_ECa
284.208 20.485580 -9.49 5.08 2.06 1.86 0.0800 0 1 GPIN_ECa
298.36 12.221760 13.79 15.62 0.17 0.29 -0.0020 0 1 GRE0_ECa
298.36 12.221790 13.79 15.62 0.17 0.29 -0.0020 0 1 GRE0_ECa
298.36 12.221760 13.79 15.62 0.17 0.29 -0.0020 0 1 GRE1_ECa
287.473 18.540920 7.17 5.52 0.42 0.35 -0.0500 0 1 GRE2_ECa
287.472 18.540330 7.17 5.52 0.42 0.35 -0.0500 0 1 GRES_ECa
298.872 10.585760 12.20 12.85 0.12 0.24 -0.0030 0 1 GRND_ECa
287.326 19.669590 -0.00 4.60 0.38 0.31 -0.0410 0 1 GROM_ECa
284.686 20.362290 -6.09 2.32 2.13 1.86 -0.0380 0 1 GSAB_ECa
285.156 20.147930 -5.99 5.43 1.98 1.65 -0.0030 0 1 GSAN_ECa
297.148 17.901360 9.37 14.89 0.26 0.22 -0.0250 0 1 GSTV_ECa
288.855 21.432790 -7.57 6.51 0.27 0.16 -0.0020 0 1 GTK0_ECa
298.84 14.734340 12.71 15.49 0.54 0.44 -0.0270 0 1 HABL_ECa
277.605 23.121200 -9.58 2.35 0.27 0.38 -0.0050 0 1 HAVA_ECa
288.971 19.739070 -5.26 8.36 0.16 0.13 0.0070 0 1 HIDA_ECa
291.284 18.611010 5.43 9.60 0.22 0.17 -0.0340 0 1 HIGU_ECa
287.636 19.702960 -0.43 5.43 0.28 0.23 -0.0040 0 1 HLIM_ECa
283.766 20.880000 -6.38 5.54 0.31 0.35 -0.0000 0 1 HOLG_ECa
298.297 15.979610 11.53 15.13 0.09 0.07 -0.0400 0 1 HOU0_ECa
298.297 15.979920 11.53 15.13 0.09 0.07 -0.0400 0 1 HOU1_ECa
298.297 15.979750 11.53 15.13 0.09 0.07 -0.0400 0 1 HOU2_ECa
298.297 15.979580 11.53 15.13 0.09 0.07 -0.0400 0 1 HOU3_ECa
298.297 15.979610 11.53 15.13 0.09 0.07 -0.0400 0 1 HOUE_ECa
294.161 18.148770 7.99 14.46 0.32 0.42 0.0000 0 1 HUPR_ECa
293.893 17.965370 9.68 13.60 0.34 0.18 -0.0010 0 1 IGPR_ECa
299.125 14.774610 12.84 15.72 0.12 0.12 -0.0060 0 1 ILAM_ECa
285.55 18.406500 5.05 8.31 0.42 0.35 -0.0100 0 1 IROI_ECa
292.954 18.468280 8.51 12.37 0.51 0.41 -0.0460 0 1 ISAB_ECa
272.944 5.544350 50.14 73.36 0.26 0.29 0.0020 0 1 ISCO_ECa
287.468 18.236860 6.96 10.40 0.48 0.32 -0.0130 0 1 JAC2_ECa
287.462 18.234990 5.31 10.01 0.84 0.65 -0.0930 0 1 JACM_ECa
287.462 18.234990 7.70 9.56 0.18 0.15 -0.0350 0 1 JACM_ECa
285.883 18.648920 4.29 9.74 1.15 0.91 0.0120 0 1 JER2_ECa
285.828 18.663070 4.02 8.78 1.17 0.91 -0.0160 0 1 JERE_ECa
287.462 18.235050 7.27 8.66 0.21 0.28 -0.0020 0 1 JME2_ECa
287.464 18.234710 6.96 10.40 0.48 0.32 -0.0130 0 1 JMEL_ECa
286.809 19.851320 0.28 6.21 0.67 0.60 0.1130 0 1 JRBL_ECa
288.765 18.805570 2.18 5.27 1.03 0.84 0.0020 0 1 JUAN_ECa
287.715 18.449090 7.18 8.79 0.25 0.21 0.0920 0 1 KENS_ECa
287.136 18.837190 1.37 6.21 0.33 0.28 -0.0270 0 1 LAGX_ECa
298.837 14.812960 12.01 15.79 0.20 0.19 -0.0070 0 1 LAM0_ECa
288.063 18.830370 2.40 7.24 0.38 0.33 0.0360 0 1 LASX_ECa
287.274 20.018350 -5.64 6.83 0.54 0.44 -0.0270 0 1 LATP_ECa
287.336 18.269060 8.22 8.41 0.24 0.20 0.0090 0 1 LAVA_ECa
289.434 19.299630 -0.01 7.01 0.28 0.22 -0.0060 0 1 LAVE_ECa
286.246 18.187620 8.39 10.84 1.04 0.93 -0.0150 0 1 LCAY_ECa
286.246 18.187630 8.39 10.84 1.04 0.93 -0.0150 0 1 LCAY_ECa
279.918 19.667560 -8.77 3.06 3.14 1.28 -0.0000 0 1 LCSB_ECa
298.928 16.302880 11.01 16.38 0.12 0.13 -0.0040 0 1 LDIS_ECa
287.368 18.510360 5.01 5.83 0.16 0.14 -0.0570 0 1 LEO2_ECa
287.368 18.511090 5.01 5.83 0.16 0.14 -0.0570 0 1 LEOG_ECa
287.369 18.507510 5.01 5.83 0.16 0.14 -0.0570 0 1 LGNE_ECa
288.972 19.743000 -5.26 8.36 0.16 0.13 0.0070 0 1 LHDG_ECa
287.873 19.668960 -2.53 5.19 0.77 0.63 -0.0680 0 1 LIMO_ECa
290.294 19.153660 -1.12 6.95 0.86 0.73 0.1030 0 1 LJAG_ECa
299.004 14.594820 12.76 15.66 0.14 0.13 -0.0040 0 1 LMMF_ECa
275.286 10.490090 2.40 -2.09 3.84 3.85 0.0000 0 1 LOL2_ECa
275.286 10.490060 2.40 -2.09 3.84 3.85 0.0000 0 1 LOLA_ECa
298.948 14.824630 12.59 15.90 0.13 0.13 -0.0040 0 1 LORI_ECa
298.776 14.801440 11.73 15.42 0.09 0.08 -0.0560 0 1 LPR0_ECa
291.084 18.449140 7.43 9.50 0.28 0.23 -0.0170 0 1 LRM1_ECa
283.021 20.967500 -8.11 4.26 0.33 0.39 -0.0070 0 1 LTUN_ECa
289.041 19.894890 -3.42 7.39 0.74 0.60 0.0840 0 1 LUPR_ECa
289.469 19.222720 1.03 7.43 0.10 0.10 -0.0060 0 1 LVEG_ECa
298.357 16.014540 11.03 15.65 0.34 0.35 -0.0010 0 1 MAD0_ECa
298.694 15.889890 11.70 15.61 0.08 0.07 -0.0450 0 1 MAGA_ECa
298.686 15.884080 12.51 15.62 0.33 0.27 -0.0230 0 1 MAGT_ECa
288.914 19.553180 -1.39 6.67 0.55 0.48 0.0240 0 1 MAOV_ECa
287.242 19.052150 1.91 4.61 0.42 0.47 -0.0100 0 1 MARC_ECa
299.142 14.471470 13.16 16.84 0.05 0.04 0.0070 0 1 MARI_ECa
287.674 18.233690 10.24 7.76 0.36 0.33 -0.0170 0 1 MARX_ECa
298.315 16.046200 11.17 15.90 0.18 0.12 -0.0100 0 1 MAT0_ECa
292.841 18.217590 9.28 13.27 0.13 0.17 -0.0020 0 1 MAYZ_ECa
286.288 7.107250 5.21 15.68 0.49 0.49 -0.0080 0 1 MECE_ECa
270.38 20.980050 -8.97 0.85 0.18 0.20 -0.0000 0 1 MERI_ECa
298.718 15.949390 11.35 15.38 0.12 0.11 -0.0060 0 1 MGL0_ECa
287.791 19.610750 0.17 4.57 0.35 0.32 -0.0730 0 1 MILO_ECa
293.473 17.886220 9.73 13.70 0.11 0.09 -0.0050 0 1 MIPR_ECa
286.91 18.445740 5.05 11.44 0.47 0.40 -0.0160 0 1 MIRA_ECa
287.896 18.834180 2.73 5.39 0.16 0.14 -0.0610 0 1 MIRE_ECa
298.821 14.784830 13.03 16.00 0.19 0.17 -0.0060 0 1 MLM0_ECa
289.043 19.897640 -3.42 7.39 0.74 0.60 0.0840 0 1 MLPP_ECa
270.337 20.931910 -8.69 0.72 0.08 0.21 -0.0020 0 1 MMD1_ECa
286.625 19.807730 0.49 7.40 0.24 0.19 -0.0390 0 1 MOL2_ECa
286.625 19.807790 0.49 7.40 0.24 0.19 -0.0390 0 1 MOLE_ECa
288.852 19.409920 0.40 6.67 0.23 0.18 -0.0000 0 1 MONC_ECa
288.035 19.023350 2.87 4.31 0.19 0.17 -0.0050 0 1 MOND_ECa
292.069 18.076900 8.54 12.00 0.14 0.11 -0.0200 0 1 MOPR_ECa
285.744 18.559470 2.16 8.89 0.46 0.38 -0.0710 0 1 MORO_ECa
298.8 16.250580 11.62 16.11 0.11 0.10 -0.0580 0 1 MPCH_ECa
299.141 14.444690 11.98 16.42 0.15 0.16 -0.0060 0 1 MPOM_ECa
278.951 24.725890 -10.42 2.74 0.47 0.52 -0.0030 0 1 MTHN_ECa
287.306 18.944340 2.60 5.01 0.20 0.17 -0.0170 0 1 MTR2_ECa
287.17 20.039650 -3.48 6.05 0.31 0.26 -0.0230 0 1 MTRY_ECa
269.19 17.226760 -7.52 -0.34 0.31 0.37 -0.0000 0 1 NARA_ECa
297.772 16.750400 10.65 16.24 0.46 0.36 -0.0000 0 1 OLVN_ECa
293.421 18.075030 8.71 13.74 0.33 0.18 -0.0020 0 1 P780_ECa
298.314 16.026180 12.07 16.76 0.25 0.24 0.0040 0 1 PAR0_ECa
298.314 16.026180 12.07 16.76 0.25 0.24 0.0040 0 1 PAR1_ECa
292.956 17.968960 8.97 13.09 0.10 0.26 -0.0050 0 1 PARA_ECa
298.314 16.026180 12.07 16.76 0.25 0.24 0.0040 0 1 PAR__ECa
298.804 16.254830 11.32 16.09 0.58 0.47 -0.1020 0 1 PCH0_ECa
298.996 16.334990 11.39 16.64 0.09 0.08 -0.0610 0 1 PDB0_ECa
287.163 19.940750 -2.76 5.92 0.29 0.24 -0.0510 0 1 PDEP_ECa
288.245 19.702750 -2.81 6.79 0.31 0.27 -0.0500 0 1 PEPE_ECa
287.713 18.509250 6.36 7.10 0.18 0.15 0.0050 0 1 PETI_ECa
287.885 19.336390 0.86 3.23 0.41 0.36 0.0350 0 1 PIGN_ECa
286.411 18.430840 6.01 9.25 0.39 0.33 -0.0030 0 1 PLAI_ECa
287.569 19.751430 -1.01 5.49 0.28 0.23 0.0140 0 1 POMA_ECa
285.902 18.249360 4.33 8.77 0.56 0.46 0.0190 0 1 POPI_ECa
270.589 16.325430 -7.86 -1.06 0.34 0.60 0.0010 0 1 POPT_ECa
298.468 16.224370 11.85 15.75 0.25 0.30 -0.0020 0 1 PPTG_ECa
293.631 18.078470 8.59 12.68 0.59 0.46 -0.0060 0 1 PR4N_ECa
286.937 18.786580 2.60 6.95 0.33 0.28 0.0030 0 1 PRAQ_ECa
283.154 17.934600 6.86 8.04 0.37 0.29 -0.0000 0 1 PRCG_ECa
286.756 18.477090 4.26 10.19 0.55 0.45 -0.0480 0 1 PRDN_ECa
276.31 22.403130 -9.14 1.93 0.70 0.82 0.0030 0 1 PRIO_ECa
293.839 18.388640 8.16 14.34 0.63 0.53 -0.0050 0 1 PRMA_ECa
292.955 17.970400 8.97 13.09 0.10 0.26 -0.0050 0 1 PRMI_ECa
283.157 17.936850 6.86 8.04 0.37 0.29 -0.0000 0 1 PRML_ECa
292.855 18.217100 8.04 13.49 0.59 0.85 -0.0040 0 1 PRSN_ECa
286.08 18.082300 9.58 10.56 0.35 0.28 -0.0810 0 1 PSLT_ECa
286.49 18.527140 5.65 7.40 0.51 0.41 -0.0030 0 1 PTDN_ECa
287.516 19.124720 1.17 5.11 0.35 0.28 0.0390 0 1 PTRA_ECa
292.097 3.851200 -4.26 11.66 0.35 0.88 -0.0020 0 1 PUIN_ECa
292.933 18.463190 8.33 12.87 0.07 0.07 -0.0100 0 1 PUR2_ECa
292.933 18.462980 8.33 12.87 0.07 0.07 -0.0100 0 1 PUR3_ECa
292.933 18.462980 8.33 12.87 0.07 0.07 -0.0100 0 1 PUR5_ECa
292.933 18.463190 8.33 12.87 0.07 0.07 -0.0100 0 1 PUR6_ECa
287.801 19.438710 1.36 5.46 0.24 0.20 -0.0270 0 1 RAPH_ECa
297.847 16.703900 12.19 13.66 0.17 0.13 -0.0000 0 1 RCHY_ECa
289.284 18.445490 7.59 9.06 0.49 0.47 -0.0030 0 1 RDAZ_ECa
289.672 18.276920 8.12 8.11 0.32 0.36 -0.0020 0 1 RDBA_ECa
289.597 18.946030 4.19 7.36 0.18 0.18 -0.0090 0 1 RDBN_ECa
289.595 18.947700 4.19 7.36 0.18 0.18 -0.0090 0 1 RDBO_ECa
289.321 19.779010 -4.43 9.16 0.27 0.19 -0.0010 0 1 RDEG_ECa
289.32 19.451860 -4.91 6.57 0.84 0.48 -0.0020 0 1 RDF2_ECa
289.32 19.451810 -4.91 6.57 0.84 0.48 -0.0020 0 1 RDFM_ECa
289.635 19.663290 -4.76 8.31 0.28 0.27 -0.0030 0 1 RDGH_ECa
291.282 18.597970 6.15 10.02 0.21 0.20 -0.0020 0 1 RDHI_ECa
290.453 19.306610 -2.94 9.65 0.24 0.36 -0.0010 0 1 RDLT_ECa
288.923 19.538790 -1.05 7.44 0.32 0.21 -0.0010 0 1 RDMA_ECa
288.361 19.848740 -4.35 7.14 0.20 0.23 -0.0020 0 1 RDMC_ECa
290.951 18.978540 2.07 9.03 0.28 0.27 -0.0060 0 1 RDMI_ECa
290.959 18.979610 2.80 9.29 0.31 0.45 -0.0030 0 1 RDMS_ECa
290.153 19.368980 -3.32 9.02 0.30 0.26 -0.0010 0 1 RDNA_ECa
288.579 18.500750 6.67 6.71 0.41 0.80 -0.0010 0 1 RDNE_ECa
297.654 16.934180 9.55 16.07 0.25 0.16 -0.0040 0 1 RDON_ECa
289.476 19.382780 -0.63 8.54 0.39 0.72 -0.0030 0 1 RDPL_ECa
289.287 19.811310 -5.23 9.15 0.25 0.22 -0.0000 0 1 RDPP_ECa
289.298 19.416200 -0.57 8.97 0.24 0.19 -0.0010 0 1 RDSC_ECa
290.089 18.461400 7.52 8.93 0.15 0.17 -0.0050 0 1 RDSD_ECa
289.754 19.285710 -0.35 7.84 0.18 0.19 -0.0020 0 1 RDSF_ECa
288.773 18.819480 4.13 7.03 0.21 0.18 -0.0020 0 1 RDSJ_ECa
290.687 18.464660 7.19 9.45 0.13 0.14 -0.0040 0 1 RDSP_ECa
289.319 19.465420 -1.67 8.09 0.61 0.67 -0.0020 0 1 RDST_ECa
289.473 19.213120 1.26 6.88 0.30 0.32 -0.0030 0 1 RDVE_ECa
289.635 19.663290 -4.76 8.31 0.28 0.27 -0.0030 0 1 RDVR_ECa
273.473 16.318150 11.60 8.99 0.30 0.21 0.0000 0 1 ROA0_ECa
288.326 17.903940 9.21 9.79 0.22 0.18 -0.0030 0 1 ROJO_ECa
296.757 17.620510 10.19 14.85 0.10 0.09 -0.0910 0 1 SAB1_ECa
296.779 17.645850 9.87 14.54 0.19 0.16 -0.0030 0 1 SAB2_ECa
298.836 14.841080 12.14 16.82 0.23 0.21 -0.0160 0 1 SAM0_ECa
278.284 12.580450 13.59 7.72 0.24 0.16 -0.0010 0 1 SAN0_ECa
288.765 18.805870 2.18 5.27 1.03 0.84 0.0020 0 1 SANJ_ECa
290.611 19.060130 1.71 7.44 0.59 0.52 0.0570 0 1 SBM2_ECa
284.238 20.012060 -5.20 5.51 0.14 0.16 -0.0020 0 1 SCUB_ECa
290.125 18.466530 6.27 7.82 0.21 0.17 0.0010 0 1 SDOM_ECa
298.487 16.402850 10.68 16.16 0.18 0.15 -0.0660 0 1 SEG0_ECa
290.962 18.768050 4.05 8.35 0.23 0.18 -0.0510 0 1 SEIB_ECa
297.017 17.495300 9.81 15.31 0.25 0.21 -0.0310 0 1 SEUS_ECa
297.024 17.471480 10.19 15.30 0.11 0.09 0.0000 0 1 SEUT_ECa
289.305 19.803930 -2.61 8.84 0.63 0.51 -0.0090 0 1 SFPP_ECa
288.591 19.719520 -4.60 5.87 0.69 0.53 0.0260 0 1 SIND_ECa
290.611 19.059810 1.71 7.44 0.59 0.52 0.0570 0 1 SMAR_ECa
286.885 18.371940 3.47 9.38 0.79 0.66 -0.0210 0 1 SMDN_ECa
290.669 19.211960 -0.52 10.64 1.05 0.79 0.0120 0 1 SMNA_ECa
296.891 18.042270 9.58 15.62 0.13 0.12 -0.0020 0 1 SMRT_ECa
287.165 19.876890 -0.08 4.72 1.24 0.95 -0.0270 0 1 SOLM_ECa
290.694 18.461020 6.96 8.94 0.09 0.07 -0.0070 0 1 SPED_ECa
303.008 5.945090 -3.99 11.89 0.16 0.22 -0.0080 0 1 SRNW_ECa
288.659 19.475250 -0.31 6.43 0.10 0.08 -0.0060 0 1 SROD_ECa
298.318 16.085960 11.62 14.89 0.67 0.48 -0.0090 0 1 STG0_ECa
286.187 18.075940 8.24 8.87 0.92 0.75 0.0340 0 1 STJS_ECa
297.26 17.295560 10.16 14.20 0.24 0.26 -0.0070 0 1 STKN_ECa
296.914 18.083270 8.31 15.81 0.32 0.27 -0.0140 0 1 STMT_ECa
295.026 18.340100 9.46 14.21 0.15 0.11 -0.0050 0 1 STVI_ECa
298.75 13.274590 12.29 13.99 0.14 0.09 -0.0000 0 1 SVGB_ECa
298.772 13.162200 13.16 14.49 0.13 0.09 -0.0050 0 1 SVGK_ECa
298.365 15.854960 11.72 15.16 0.19 0.22 0.0030 0 1 TDB0_ECa
298.355 15.847090 10.64 14.15 0.18 0.17 -0.0030 0 1 TDBS_ECa
290.499 19.321320 -3.47 9.04 0.24 0.19 -0.0010 0 1 TERR_ECa
288.908 18.208050 8.50 10.24 0.21 0.81 0.0000 0 1 TGDR_ECa
273.133 20.868120 -9.19 5.77 0.09 0.18 -0.0030 0 1 TGMX_ECa
288.159 18.245730 5.69 9.48 0.41 0.34 -0.0360 0 1 THIO_ECa
288.159 18.245740 5.69 9.48 0.41 0.34 -0.0360 0 1 THIO_ECa
287.688 18.488180 6.59 8.24 0.17 0.15 0.0140 0 1 THOM_ECa
285.603 18.326570 5.85 6.45 0.76 0.57 0.0170 0 1 TIB1_ECa
285.603 18.326500 5.85 6.45 0.76 0.57 0.0170 0 1 TIBU_ECa
287.906 18.652090 4.07 6.69 0.21 0.18 -0.0650 0 1 TOMA_ECa
289.308 18.426870 6.28 6.56 1.43 1.16 -0.0030 0 1 TORT_ECa
289.308 18.426860 6.28 6.56 1.43 1.16 -0.0030 0 1 TORX_ECa
298.967 14.539480 12.55 15.96 0.13 0.13 -0.0060 0 1 TRIL_ECa
287.345 18.366540 7.47 9.65 0.19 0.14 -0.1500 0 1 TROU_ECa
299.268 11.177100 14.54 15.18 0.12 0.16 -0.0010 0 1 TSCA_ECa
298.534 10.276710 -1.49 11.14 0.60 0.54 -0.0020 0 1 TTSF_ECa
298.601 10.639540 12.71 14.39 0.13 0.28 -0.0030 0 1 TTUW_ECa
288.868 21.460500 -6.71 6.22 0.67 0.55 -0.0170 0 1 TURK_ECa
273.132 20.868500 -9.19 5.76 0.09 0.18 -0.0030 0 1 UNPM_ECa
286.752 10.435810 8.45 15.02 0.26 0.43 -0.0020 0 1 VDPR_ECa
289.434 19.299940 -0.01 7.01 0.28 0.22 -0.0060 0 1 VEGA_ECa
289.266 18.370650 6.07 7.83 0.39 0.33 0.0400 0 1 VGIA_ECa
280.029 22.406200 -9.09 4.53 0.40 0.49 -0.0010 0 1 VICL_ECa
295.202 17.716180 11.21 13.49 0.09 0.09 -0.0050 0 1 VIKH_ECa
295.031 18.343330 8.86 14.28 0.10 0.09 -0.0060 0 1 VITH_ECa
285.153 9.286740 8.47 14.04 0.18 0.15 -0.0020 0 1 VMAG_ECa
283.278 7.818440 16.76 13.10 0.29 0.42 -0.0020 0 1 VORA_ECa
285.139 10.793770 9.02 15.40 0.21 0.22 -0.0020 0 1 VPOL_ECa
294.007 18.431340 8.53 13.62 0.26 0.15 -0.0050 0 1 ZSU1_ECa
